4261.75	552.333
4262.02	527
4262.3	525.667
4262.57	545
4262.85	560.333
4263.12	543.667
4263.4	546.333
4263.68	551
4263.95	539.667
4264.23	566.333
4264.5	550.333
4264.78	508.333
4265.05	537.667
4265.33	551
4265.6	573
4265.88	539
4266.16	537.667
4266.43	565.667
4266.71	551
4266.98	539.667
4267.26	523.667
4267.53	530.333
4267.81	544.333
4268.08	548.333
4268.36	543.667
4268.63	541.667
4268.91	551.667
4269.19	549.667
4269.46	537
4269.74	561
4270.01	554.333
4270.29	541.667
4270.56	548.333
4270.84	551.667
4271.11	543.667
4271.39	546.333
4271.66	530.333
4271.94	553.667
4272.21	558.333
4272.49	561.667
4272.76	530.333
4273.04	536.333
4273.31	576.333
4273.59	540.333
4273.86	533.667
4274.14	551
4274.41	557.667
4274.69	547.667
4274.96	553.667
4275.24	551
4275.51	579.667
4275.79	548.333
4276.06	565
4276.34	545.667
4276.61	548.333
4276.89	550.333
4277.16	566.333
4277.44	543.667
4277.71	555
4277.99	563
4278.26	534.333
4278.54	545.667
4278.81	553.667
4279.09	554.333
4279.36	549.667
4279.63	560.333
4279.91	555
4280.18	555.667
4280.46	533
4280.73	565
4281.01	581.667
4281.28	567.667
4281.56	557.667
4281.83	549
4282.11	539
4282.38	573
4282.65	574.333
4282.93	529.667
4283.2	533
4283.48	551.667
4283.75	578.333
4284.03	545
4284.3	547
4284.58	573
4284.85	561
4285.12	565.667
4285.4	550.333
4285.67	536.333
4285.95	549.667
4286.22	573
4286.49	571.667
4286.77	565.667
4287.04	551.667
4287.32	571
4287.59	573
4287.86	565
4288.14	553.667
4288.41	564.333
4288.69	561
4288.96	559
4289.23	569
4289.51	559.667
4289.78	545.667
4290.06	563
4290.33	589.667
4290.6	583
4290.88	551
4291.15	563
4291.43	571
4291.7	585
4291.97	576.333
4292.25	565.667
4292.52	559
4292.8	592.333
4293.07	579.667
4293.34	537
4293.62	550.333
4293.89	557
4294.16	582.333
4294.44	570.333
4294.71	555.667
4294.98	587
4295.26	579.667
4295.53	565.667
4295.81	585
4296.08	573
4296.35	577.667
4296.63	574.333
4296.9	572.333
4297.17	562.333
4297.45	572.333
4297.72	579.667
4297.99	585
4298.27	569.667
4298.54	562.333
4298.81	566.333
4299.09	561
4299.36	595.667
4299.63	583
4299.91	575
4300.18	571
4300.45	567.667
4300.73	605.667
4301	583.667
4301.27	549
4301.55	574.333
4301.82	582.333
4302.09	591
4302.36	576.333
4302.64	573
4302.91	576.333
4303.18	586.333
4303.46	590.333
4303.73	584.333
4304	573.667
4304.28	595
4304.55	592.333
4304.82	577.667
4305.09	585.667
4305.37	611.667
4305.64	601
4305.91	607.667
4306.19	591
4306.46	587.667
4306.73	587
4307	587
4307.28	611.667
4307.55	621.667
4307.82	589.667
4308.09	597.667
4308.37	614.333
4308.64	619.667
4308.91	607.667
4309.19	599
4309.46	589
4309.73	618.333
4310	608.333
4310.28	607.667
4310.55	563
4310.82	608.333
4311.09	621.667
4311.37	632.333
4311.64	585
4311.91	610.333
4312.18	617.667
4312.46	613
4312.73	596.333
4313	611.667
4313.27	633.667
4313.55	619.667
4313.82	630.333
4314.09	613
4314.36	607
4314.63	611.667
4314.91	639
4315.18	630.333
4315.45	634.333
4315.72	634.333
4316	624.333
4316.27	626.333
4316.54	631
4316.81	646.333
4317.08	645.667
4317.36	638.333
4317.63	656.333
4317.9	649
4318.17	637.667
4318.44	627.667
4318.72	668.333
4318.99	659
4319.26	653
4319.53	638.333
4319.8	642.333
4320.08	646.333
4320.35	653.667
4320.62	647.667
4320.89	620.333
4321.16	633.667
4321.43	653
4321.71	669
4321.98	637
4322.25	661.667
4322.52	669
4322.79	690.333
4323.06	669.667
4323.34	663
4323.61	665.667
4323.88	687
4324.15	673.667
4324.42	669.667
4324.69	645.667
4324.97	692.333
4325.24	691.667
4325.51	671
4325.78	691
4326.05	673.667
4326.32	691.667
4326.6	705
4326.87	705.667
4327.14	693
4327.41	696.333
4327.68	679.667
4327.95	703
4328.22	717.667
4328.49	687
4328.77	681.667
4329.04	721
4329.31	724.333
4329.58	717.667
4329.85	700.333
4330.12	703
4330.39	719.667
4330.66	733
4330.94	741.667
4331.21	688.333
4331.48	699.667
4331.75	745
4332.02	753.667
4332.29	719.667
4332.56	739
4332.83	740.333
4333.1	754.333
4333.37	760.333
4333.65	733
4333.92	755
4334.19	744.333
4334.46	737.667
4334.73	766.333
4335	766.333
4335.27	755.667
4335.54	770.333
4335.81	775.667
4336.08	765.667
4336.35	769
4336.62	763
4336.89	770.333
4337.17	783
4337.44	808.333
4337.71	787.667
4337.98	764.333
4338.25	769.667
4338.52	811
4338.79	775.667
4339.06	773.667
4339.33	803
4339.6	799
4339.87	807.667
4340.14	808.333
4340.41	801.667
4340.68	833.667
4340.95	850.333
4341.22	836.333
4341.5	809
4341.77	801.667
4342.04	847
4342.31	853
4342.58	833
4342.85	819.667
4343.12	845
4343.39	864.333
4343.66	839.667
4343.93	846.333
4344.2	879.667
4344.47	846.333
4344.74	871.667
4345.01	897.667
4345.28	901
4345.55	865
4345.82	879
4346.09	911
4346.36	928.333
4346.63	911
4346.9	887
4347.17	911
4347.44	945.667
4347.71	969
4347.98	941
4348.25	913
4348.52	944.333
4348.79	999.667
4349.06	960.333
4349.33	940.333
4349.6	936.333
4349.87	978.333
4350.14	995
4350.41	980.333
4350.68	977.667
4350.95	990.333
4351.22	983.667
4351.49	1033
4351.76	1011.67
4352.03	999.667
4352.3	1007.67
4352.57	1045.67
4352.83	1078.33
4353.1	1037
4353.37	1033.67
4353.64	1071.67
4353.91	1083.67
4354.18	1075.67
4354.45	1083
4354.72	1085.67
4354.99	1050.33
4355.26	1108.33
4355.53	1117
4355.8	1143
4356.07	1089.67
4356.34	1111.67
4356.61	1171
4356.88	1167.67
4357.15	1177.67
4357.42	1155
4357.69	1160.33
4357.95	1197
4358.22	1194.33
4358.49	1222.33
4358.76	1205.67
4359.03	1253
4359.3	1276.33
4359.57	1226.33
4359.84	1208.33
4360.11	1261.67
4360.38	1321.67
4360.65	1275.67
4360.92	1279.67
4361.18	1259.67
4361.45	1325.67
4361.72	1355
4361.99	1321.67
4362.26	1346.33
4362.53	1351.67
4362.8	1363.67
4363.07	1397
4363.34	1399
4363.6	1414.33
4363.87	1386.33
4364.14	1406.33
4364.41	1443.67
4364.68	1467.67
4364.95	1471.67
4365.22	1471.67
4365.49	1509
4365.76	1543
4366.02	1580.33
4366.29	1496.33
4366.56	1504.33
4366.83	1581
4367.1	1639
4367.37	1586.33
4367.64	1539.67
4367.9	1633
4368.17	1664.33
4368.44	1701
4368.71	1690.33
4368.98	1617.67
4369.25	1673.67
4369.52	1761
4369.78	1786.33
4370.05	1743.67
4370.32	1757.67
4370.59	1800.33
4370.86	1801
4371.13	1797.67
4371.39	1849
4371.66	1875.67
4371.93	1921
4372.2	1907
4372.47	1947.67
4372.74	1981
4373	1976.33
4373.27	1975
4373.54	2030.33
4373.81	2061.67
4374.08	2075
4374.35	2066.33
4374.61	2145.67
4374.88	2168.33
4375.15	2233.67
4375.42	2245.67
4375.69	2177.67
4375.95	2292.33
4376.22	2418.33
4376.49	2385
4376.76	2365.67
4377.03	2404.33
4377.29	2572.33
4377.56	2539
4377.83	2519
4378.1	2545.67
4378.37	2682.33
4378.63	2758.33
4378.9	2803.67
4379.17	2787
4379.44	2823
4379.7	2969
4379.97	3015.67
4380.24	3027
4380.51	3037.67
4380.78	3195
4381.04	3320.33
4381.31	3316.33
4381.58	3354.33
4381.85	3446.33
4382.11	3567.67
4382.38	3581.67
4382.65	3697.67
4382.92	3899.67
4383.18	3957.67
4383.45	3915
4383.72	4091
4383.99	4415.67
4384.25	4453.67
4384.52	4365.67
4384.79	4484.33
4385.06	4788.33
4385.32	5045.67
4385.59	5119.67
4385.86	5163
4386.13	5220.33
4386.39	5563.67
4386.66	5980.33
4386.93	6001
4387.19	5921.67
4387.46	6223.67
4387.73	6786.33
4388	7059.67
4388.26	7073
4388.53	7252.33
4388.8	7717
4389.06	8163.67
4389.33	8507
4389.6	8675.67
4389.87	9001
4390.13	9374.33
4390.4	9967.67
4390.67	10597
4390.94	10905.7
4391.2	11319.7
4391.47	11936.3
4391.73	12557.7
4392	13202.3
4392.27	13979
4392.54	14455
4392.8	14835.7
4393.07	15797.7
4393.34	17133
4393.6	17796.3
4393.87	18017
4394.14	18951.7
4394.4	20661.7
4394.67	21521.7
4394.94	21747.7
4395.2	22774.3
4395.47	24507.7
4395.74	25729.7
4396	26425
4396.27	26943.7
4396.54	28121
4396.8	29600.3
4397.07	30687
4397.34	30705.7
4397.6	30884.3
4397.87	32629.7
4398.14	34054.3
4398.4	33846.3
4398.67	33470.3
4398.94	34687.7
4399.2	35498.3
4399.47	34901
4399.73	34417.7
4400	34613.7
4400.27	34463
4400.53	33751
4400.8	33847
4401.07	33673
4401.33	32630.3
4401.6	31671.7
4401.87	31305.7
4402.13	30941.7
4402.4	30061
4402.66	28892.3
4402.93	27853.7
4403.2	27135
4403.46	26949
4403.73	26555.7
4403.99	25035
4404.26	23406.3
4404.53	23431.7
4404.79	23706.3
4405.06	22498.3
4405.33	20735
4405.59	20132.3
4405.86	20294.3
4406.12	20195.7
4406.39	19213.7
4406.66	18160.3
4406.92	17688.3
4407.19	17821.7
4407.45	17599.7
4407.72	16845
4407.98	16065
4408.25	15748.3
4408.52	15909.7
4408.78	15619.7
4409.05	15111
4409.31	14920.3
4409.58	14903
4409.84	14600.3
4410.11	14381
4410.38	14618.3
4410.64	14313
4410.91	13777.7
4411.17	13765.7
4411.44	14296.3
4411.7	14235
4411.97	13739.7
4412.24	13546.3
4412.5	13759.7
4412.77	14071.7
4413.03	14013
4413.3	13678.3
4413.56	13662.3
4413.83	13943.7
4414.09	14332.3
4414.36	14133
4414.62	13794.3
4414.89	14103.7
4415.15	14731
4415.42	14517.7
4415.69	14111.7
4415.95	14519.7
4416.22	15067
4416.48	15303.7
4416.75	15231.7
4417.01	15519
4417.28	16019.7
4417.54	16235.7
4417.81	16376.3
4418.07	16677
4418.34	17025.7
4418.6	17231.7
4418.87	17946.3
4419.13	18439.7
4419.4	18506.3
4419.66	18979
4419.93	19817.7
4420.19	20275.7
4420.46	20714.3
4420.72	21364.3
4420.99	21858.3
4421.25	22097.7
4421.52	22999
4421.78	24385
4422.05	25087.7
4422.31	24935
4422.58	25869.7
4422.84	27485
4423.11	28859
4423.37	28924.3
4423.63	29175.7
4423.9	30233
4424.17	32155
4424.43	33893
4424.69	33862.3
4424.96	33744.3
4425.22	35262.3
4425.49	38192.3
4425.75	39107.7
4426.02	38209
4426.28	38497.7
4426.55	41071.7
4426.81	42381
4427.08	42190.3
4427.34	42703.7
4427.6	43294.3
4427.87	43902.3
4428.13	44409
4428.4	45445.7
4428.66	45374.3
4428.93	44543
4429.19	44437.7
4429.46	45072.3
4429.72	45531.7
4429.98	44933.7
4430.25	43558.3
4430.51	42607.7
4430.78	42789
4431.04	43545.7
4431.3	42687.7
4431.57	39813
4431.83	38679
4432.1	39921.7
4432.36	39711.7
4432.63	37156.3
4432.89	34977
4433.15	35244.3
4433.42	35068.3
4433.68	33631.7
4433.95	31998.3
4434.21	31214.3
4434.47	30520.3
4434.74	29742.3
4435	28646.3
4435.27	27538.3
4435.53	26445.7
4435.79	25847.7
4436.06	25313.7
4436.32	24131.7
4436.58	23093
4436.85	22821
4437.11	22107.7
4437.38	21159.7
4437.64	20403
4437.9	19938.3
4438.17	19331.7
4438.43	18413.7
4438.7	17935.7
4438.96	17671.7
4439.22	16861.7
4439.49	16118.3
4439.75	15853
4440.01	15587
4440.28	14985.7
4440.54	14313.7
4440.8	13821.7
4441.07	13622.3
4441.33	13409.7
4441.6	12972.3
4441.86	12183
4442.12	11719.7
4442.38	11859.7
4442.65	11905
4442.91	11199
4443.18	10339.7
4443.44	10348.3
4443.7	10629
4443.97	10339
4444.23	9607.67
4444.49	9258.33
4444.75	9337.67
4445.02	9331.67
4445.28	9013
4445.54	8639.67
4445.81	8358.33
4446.07	8298.33
4446.33	8265
4446.6	8097.67
4446.86	7787
4447.12	7704.33
4447.39	7537.67
4447.65	7414.33
4447.91	7325
4448.18	7261.67
4448.44	7038.33
4448.7	6791.67
4448.97	6798.33
4449.23	6940.33
4449.49	6814.33
4449.75	6418.33
4450.02	6314.33
4450.28	6508.33
4450.54	6476.33
4450.81	6235.67
4451.07	6031.67
4451.33	5985.67
4451.59	6151.67
4451.86	6106.33
4452.12	5947
4452.38	5719.67
4452.65	5691
4452.91	5861
4453.17	5773.67
4453.43	5541
4453.7	5435.67
4453.96	5544.33
4454.22	5521
4454.48	5421
4454.75	5337
4455.01	5389
4455.27	5259
4455.53	5245.67
4455.8	5156.33
4456.06	5113.67
4456.32	5057
4456.58	4979.67
4456.85	4998.33
4457.11	4825
4457.37	4819
4457.63	4810.33
4457.9	4805
4458.16	4683
4458.42	4635
4458.68	4621
4458.94	4525
4459.21	4376.33
4459.47	4515.67
4459.73	4494.33
4459.99	4289
4460.26	4145.67
4460.52	4211
4460.78	4290.33
4461.04	4155
4461.3	3933
4461.57	3943
4461.83	4017.67
4462.09	4013
4462.35	3879.67
4462.61	3714.33
4462.88	3712.33
4463.14	3801
4463.4	3795
4463.66	3617
4463.92	3491
4464.19	3489
4464.45	3624.33
4464.71	3542.33
4464.97	3467
4465.23	3405
4465.5	3389
4465.76	3339
4466.02	3391
4466.28	3360.33
4466.54	3321
4466.8	3247.67
4467.07	3205.67
4467.33	3333.67
4467.59	3271
4467.85	3123.67
4468.11	3088.33
4468.37	3180.33
4468.64	3139.67
4468.9	3164.33
4469.16	3045.67
4469.42	2983
4469.68	3040.33
4469.94	3148.33
4470.21	3119.67
4470.47	3047
4470.73	2943.67
4470.99	3023
4471.25	3095
4471.51	3013
4471.77	2856.33
4472.04	2890.33
4472.3	2963.67
4472.56	2937.67
4472.82	2888.33
4473.08	2857
4473.34	2809
4473.6	2847
4473.87	2879.67
4474.13	2798.33
4474.39	2738.33
4474.65	2799
4474.91	2783.67
4475.17	2705.67
4475.43	2679
4475.69	2701.67
4475.95	2685.67
4476.22	2655
4476.48	2599.67
4476.74	2585.67
4477	2566.33
4477.26	2501.67
4477.52	2504.33
4477.78	2553.67
4478.04	2505.67
4478.3	2443.67
4478.56	2440.33
4478.83	2455
4479.09	2446.33
4479.35	2415
4479.61	2315.67
4479.87	2263
4480.13	2329.67
4480.39	2375
4480.65	2293.67
4480.91	2183.67
4481.17	2208.33
4481.43	2361.67
4481.69	2262.33
4481.95	2177
4482.22	2121.67
4482.48	2220.33
4482.74	2215
4483	2176.33
4483.26	2138.33
4483.52	2135
4483.78	2165.67
4484.04	2185.67
4484.3	2140.33
4484.56	2104.33
4484.82	2089.67
4485.08	2089.67
4485.34	2128.33
4485.6	2105.67
4485.86	2117
4486.12	2071.67
4486.38	2069
4486.64	2079
4486.9	2116.33
4487.17	2164.33
4487.42	2048.33
4487.68	2009
4487.95	2065.67
4488.21	2187.67
4488.47	2084.33
4488.73	2019
4488.99	2065.67
4489.25	2121.67
4489.51	2097.67
4489.77	2065.67
4490.03	2073.67
4490.29	2046.33
4490.55	2107
4490.81	2130.33
4491.07	2073
4491.33	2001.67
4491.59	2092.33
4491.85	2130.33
4492.11	2099.67
4492.37	2071
4492.63	2035.67
4492.89	2139
4493.15	2097
4493.41	2089.67
4493.67	2123.67
4493.93	2131
4494.19	2118.33
4494.45	2135.67
4494.71	2159.67
4494.97	2190.33
4495.22	2149.67
4495.48	2159
4495.75	2165
4496	2221.67
4496.26	2244.33
4496.52	2258.33
4496.78	2235.67
4497.04	2263
4497.3	2287
4497.56	2340.33
4497.82	2310.33
4498.08	2291.67
4498.34	2439.67
4498.6	2453
4498.86	2413.67
4499.12	2315.67
4499.38	2466.33
4499.64	2545
4499.9	2519
4500.16	2455
4500.42	2450.33
4500.68	2493.67
4500.93	2576.33
4501.19	2589
4501.45	2549.67
4501.71	2481
4501.97	2538.33
4502.23	2637
4502.49	2601
4502.75	2478.33
4503.01	2487
4503.27	2529.67
4503.53	2576.33
4503.79	2476.33
4504.05	2515
4504.31	2476.33
4504.56	2425
4504.82	2401.67
4505.08	2464.33
4505.34	2476.33
4505.6	2355.67
4505.86	2309.67
4506.12	2314.33
4506.38	2409.67
4506.64	2352.33
4506.9	2275.67
4507.15	2207.67
4507.41	2212.33
4507.67	2298.33
4507.93	2287
4508.19	2183.67
4508.45	2084.33
4508.71	2137
4508.97	2235.67
4509.22	2123.67
4509.48	2042.33
4509.74	2038.33
4510	2093
4510.26	2072.33
4510.52	2030.33
4510.78	2036.33
4511.04	2039
4511.29	1995.67
4511.55	1966.33
4511.81	1969.67
4512.07	1940.33
4512.33	1950.33
4512.59	1985
4512.85	1955.67
4513.1	1950.33
4513.36	1966.33
4513.62	1908.33
4513.88	1890.33
4514.14	1879.67
4514.4	1937
4514.65	1907.67
4514.91	1857.67
4515.17	1831.67
4515.43	1870.33
4515.69	1873.67
4515.95	1837
4516.2	1791.67
4516.46	1797.67
4516.72	1850.33
4516.98	1785.67
4517.24	1774.33
4517.5	1762.33
4517.75	1747
4518.01	1759
4518.27	1754.33
4518.53	1685.67
4518.79	1705
4519.04	1755.67
4519.3	1779
4519.56	1719
4519.82	1622.33
4520.08	1653.67
4520.33	1717
4520.59	1697.67
4520.85	1615.67
4521.11	1617.67
4521.37	1662.33
4521.62	1696.33
4521.88	1653
4522.14	1663
4522.4	1643.67
4522.66	1603.67
4522.91	1635
4523.17	1654.33
4523.43	1635
4523.69	1611
4523.94	1630.33
4524.2	1632.33
4524.46	1633.67
4524.72	1665
4524.98	1644.33
4525.23	1567
4525.49	1574.33
4525.75	1684.33
4526.01	1691.67
4526.26	1663.67
4526.52	1527.67
4526.78	1611.67
4527.04	1714.33
4527.29	1672.33
4527.55	1621.67
4527.81	1592.33
4528.07	1598.33
4528.32	1686.33
4528.58	1627.67
4528.84	1620.33
4529.1	1593
4529.35	1612.33
4529.61	1675
4529.87	1689
4530.13	1639.67
4530.38	1623
4530.64	1678.33
4530.9	1665
4531.15	1667.67
4531.41	1704.33
4531.67	1686.33
4531.93	1693.67
4532.18	1675
4532.44	1706.33
4532.7	1706.33
4532.95	1683.67
4533.21	1645
4533.47	1671.67
4533.73	1749
4533.98	1795
4534.24	1770.33
