4261.75	247
4262.02	235
4262.3	253
4262.57	237
4262.85	243
4263.12	266
4263.4	237
4263.68	248
4263.95	262
4264.23	251
4264.5	248
4264.78	233
4265.05	243
4265.33	262
4265.6	250
4265.88	251
4266.16	241
4266.43	270
4266.71	245
4266.98	236
4267.26	243
4267.53	247
4267.81	265
4268.08	256
4268.36	249
4268.63	251
4268.91	242
4269.19	255
4269.46	241
4269.74	245
4270.01	240
4270.29	247
4270.56	255
4270.84	257
4271.11	247
4271.39	240
4271.66	262
4271.94	254
4272.21	253
4272.49	231
4272.76	249
4273.04	252
4273.31	249
4273.59	255
4273.86	238
4274.14	254
4274.41	263
4274.69	258
4274.96	249
4275.24	252
4275.51	247
4275.79	259
4276.06	248
4276.34	244
4276.61	236
4276.89	248
4277.16	251
4277.44	261
4277.71	241
4277.99	233
4278.26	255
4278.54	241
4278.81	239
4279.09	239
4279.36	259
4279.63	245
4279.91	249
4280.18	239
4280.46	245
4280.73	254
4281.01	244
4281.28	261
4281.56	238
4281.83	231
4282.11	245
4282.38	266
4282.65	251
4282.93	242
4283.2	251
4283.48	243
4283.75	253
4284.03	245
4284.3	244
4284.58	239
4284.85	252
4285.12	253
4285.4	250
4285.67	248
4285.95	259
4286.22	256
4286.49	252
4286.77	249
4287.04	239
4287.32	249
4287.59	246
4287.86	229
4288.14	247
4288.41	259
4288.69	262
4288.96	246
4289.23	253
4289.51	247
4289.78	254
4290.06	265
4290.33	251
4290.6	240
4290.88	241
4291.15	254
4291.43	255
4291.7	246
4291.97	238
4292.25	252
4292.52	251
4292.8	269
4293.07	249
4293.34	249
4293.62	233
4293.89	255
4294.16	256
4294.44	245
4294.71	239
4294.98	237
4295.26	259
4295.53	259
4295.81	245
4296.08	243
4296.35	241
4296.63	253
4296.9	247
4297.17	246
4297.45	239
4297.72	245
4297.99	247
4298.27	241
4298.54	249
4298.81	250
4299.09	247
4299.36	250
4299.63	244
4299.91	245
4300.18	249
4300.45	244
4300.73	253
4301	244
4301.27	241
4301.55	246
4301.82	267
4302.09	243
4302.36	236
4302.64	247
4302.91	237
4303.18	246
4303.46	248
4303.73	245
4304	249
4304.28	255
4304.55	249
4304.82	236
4305.09	248
4305.37	249
4305.64	251
4305.91	244
4306.19	234
4306.46	245
4306.73	245
4307	252
4307.28	245
4307.55	247
4307.82	260
4308.09	261
4308.37	253
4308.64	245
4308.91	237
4309.19	238
4309.46	254
4309.73	247
4310	241
4310.28	236
4310.55	237
4310.82	255
4311.09	249
4311.37	245
4311.64	240
4311.91	249
4312.18	251
4312.46	251
4312.73	245
4313	237
4313.27	255
4313.55	255
4313.82	254
4314.09	235
4314.36	248
4314.63	253
4314.91	251
4315.18	243
4315.45	237
4315.72	230
4316	262
4316.27	247
4316.54	249
4316.81	245
4317.08	243
4317.36	249
4317.63	255
4317.9	239
4318.17	245
4318.44	235
4318.72	227
4318.99	263
4319.26	247
4319.53	227
4319.8	247
4320.08	249
4320.35	251
4320.62	233
4320.89	229
4321.16	245
4321.43	247.5
4321.71	248
4321.98	241
4322.25	249
4322.52	235
4322.79	241
4323.06	245
4323.34	240
4323.61	239
4323.88	268
4324.15	250
4324.42	238
4324.69	254
4324.97	259
4325.24	254
4325.51	244
4325.78	254
4326.05	223
4326.32	249
4326.6	254
4326.87	239
4327.14	237
4327.41	243
4327.68	243
4327.95	240
4328.22	231
4328.49	238
4328.77	249
4329.04	247
4329.31	257
4329.58	245
4329.85	227
4330.12	246
4330.39	261
4330.66	245
4330.94	235
4331.21	217
4331.48	255
4331.75	261
4332.02	255
4332.29	246
4332.56	254
4332.83	255
4333.1	251
4333.37	263
4333.65	237
4333.92	239
4334.19	260
4334.46	258
4334.73	243
4335	249
4335.27	257
4335.54	245
4335.81	249
4336.08	258
4336.35	249
4336.62	255
4336.89	260
4337.17	255
4337.44	257
4337.71	244
4337.98	241
4338.25	252
4338.52	252
4338.79	243
4339.06	233
4339.33	241
4339.6	262
4339.87	251
4340.14	257
4340.41	239
4340.68	255
4340.95	261
4341.22	229
4341.5	239
4341.77	241
4342.04	255
4342.31	251
4342.58	249
4342.85	252
4343.12	256
4343.39	256
4343.66	240
4343.93	223
4344.2	247
4344.47	249
4344.74	245
4345.01	245
4345.28	247
4345.55	246
4345.82	263
4346.09	263
4346.36	247
4346.63	235
4346.9	248
4347.17	257
4347.44	255
4347.71	251
4347.98	255
4348.25	254
4348.52	247
4348.79	251
4349.06	245
4349.33	249
4349.6	249
4349.87	257
4350.14	268
4350.41	243
4350.68	249
4350.95	259
4351.22	259
4351.49	251
4351.76	243
4352.03	258
4352.3	253
4352.57	246
4352.83	241
4353.1	240
4353.37	239
4353.64	253
4353.91	258
4354.18	256
4354.45	235
4354.72	237
4354.99	253
4355.26	261
4355.53	237
4355.8	251
4356.07	239
4356.34	245
4356.61	249
4356.88	258
4357.15	268
4357.42	247
4357.69	253
4357.95	261
4358.22	251
4358.49	249
4358.76	249
4359.03	245
4359.3	259
4359.57	251
4359.84	242
4360.11	253
4360.38	265
4360.65	242
4360.92	257
4361.18	245
4361.45	245
4361.72	263
4361.99	254
4362.26	243
4362.53	256
4362.8	264
4363.07	264
4363.34	256
4363.6	237
4363.87	253
4364.14	257
4364.41	260
4364.68	253
4364.95	243
4365.22	258
4365.49	253
4365.76	260
4366.02	253
4366.29	264
4366.56	260
4366.83	257
4367.1	263
4367.37	259
4367.64	248
4367.9	251
4368.17	265
4368.44	257
4368.71	257
4368.98	253
4369.25	257
4369.52	261
4369.78	251
4370.05	242
4370.32	249
4370.59	265
4370.86	267
4371.13	259
4371.39	243
4371.66	247
4371.93	261
4372.2	269
4372.47	275
4372.74	250
4373	263
4373.27	267
4373.54	264
4373.81	271
4374.08	257
4374.35	249
4374.61	255
4374.88	253
4375.15	272
4375.42	267
4375.69	255
4375.95	266
4376.22	261
4376.49	255
4376.76	253
4377.03	260
4377.29	273
4377.56	274
4377.83	255
4378.1	259
4378.37	265
4378.63	260
4378.9	279
4379.17	270
4379.44	252
4379.7	252
4379.97	270
4380.24	271
4380.51	245
4380.78	265
4381.04	273
4381.31	264
4381.58	281
4381.85	268
4382.11	277
4382.38	270
4382.65	267
4382.92	249
4383.18	251
4383.45	283
4383.72	276
4383.99	265
4384.25	278
4384.52	257
4384.79	272
4385.06	274
4385.32	270
4385.59	283
4385.86	275
4386.13	263
4386.39	286
4386.66	293
4386.93	278
4387.19	267
4387.46	285
4387.73	308
4388	279
4388.26	259
4388.53	278
4388.8	287
4389.06	309
4389.33	310
4389.6	295
4389.87	295
4390.13	298
4390.4	308
4390.67	296
4390.94	290
4391.2	283
4391.47	302
4391.73	310
4392	301
4392.27	304
4392.54	313
4392.8	320
4393.07	319
4393.34	322
4393.6	294
4393.87	307
4394.14	342
4394.4	338
4394.67	319
4394.94	311
4395.2	336
4395.47	331
4395.74	352
4396	377
4396.27	348
4396.54	345
4396.8	355
4397.07	374
4397.34	357
4397.6	387
4397.87	368
4398.14	387
4398.4	384
4398.67	391
4398.94	411
4399.2	405
4399.47	431
4399.73	444
4400	436
4400.27	442
4400.53	484
4400.8	488
4401.07	492
4401.33	487
4401.6	485
4401.87	559
4402.13	542
4402.4	569
4402.66	575
4402.93	579
4403.2	625
4403.46	635
4403.73	660
4403.99	660
4404.26	677
4404.53	697
4404.79	721
4405.06	725
4405.33	723
4405.59	769
4405.86	804
4406.12	781
4406.39	796
4406.66	811
4406.92	865
4407.19	869
4407.45	871
4407.72	843
4407.98	855
4408.25	878
4408.52	911
4408.78	846
4409.05	832
4409.31	857
4409.58	843
4409.84	850
4410.11	797
4410.38	805
4410.64	773
4410.91	795
4411.17	797
4411.44	771
4411.7	717
4411.97	720
4412.24	748
4412.5	689
4412.77	689
4413.03	654
4413.3	639
4413.56	654
4413.83	677
4414.09	625
4414.36	600
4414.62	587
4414.89	598
4415.15	569
4415.42	571
4415.69	549
4415.95	539
4416.22	548
4416.48	547
4416.75	533
4417.01	523
4417.28	485
4417.54	535
4417.81	521
4418.07	491
4418.34	484
4418.6	492
4418.87	527
4419.13	508
4419.4	475
4419.66	498
4419.93	496
4420.19	503
4420.46	487
4420.72	483
4420.99	472
4421.25	474
4421.52	461
4421.78	487
4422.05	471
4422.31	459
4422.58	498
4422.84	480
4423.11	491
4423.37	495
4423.63	484
4423.9	495
4424.17	516
4424.43	518
4424.69	488
4424.96	501
4425.22	521
4425.49	538
4425.75	525
4426.02	495
4426.28	527
4426.55	559
4426.81	541
4427.08	532
4427.34	561
4427.6	568
4427.87	593
4428.13	592
4428.4	573
4428.66	587
4428.93	595
4429.19	627
4429.46	613
4429.72	636
4429.98	651
4430.25	655
4430.51	671
4430.78	691
4431.04	699
4431.3	712
4431.57	754
4431.83	767
4432.1	788
4432.36	805
4432.63	791
4432.89	844
4433.15	875
4433.42	890
4433.68	872
4433.95	889
4434.21	932
4434.47	978
4434.74	996
4435	963
4435.27	982
4435.53	1003
4435.79	1058
4436.06	1055
4436.32	1037
4436.58	1047
4436.85	1081
4437.11	1107
4437.38	1097
4437.64	1057
4437.9	1086
4438.17	1085
4438.43	1085
4438.7	1089
4438.96	1062
4439.22	1052
4439.49	1041
4439.75	1057
4440.01	1024
4440.28	985
4440.54	972
4440.8	977
4441.07	947
4441.33	959
4441.6	903
4441.86	869
4442.12	883
4442.38	896
4442.65	863
4442.91	785
4443.18	785
4443.44	803
4443.7	779
4443.97	751
4444.23	733
4444.49	683
4444.75	705
4445.02	702
4445.28	655
4445.54	643
4445.81	617
4446.07	647
4446.33	635
4446.6	583
4446.86	557
4447.12	581
4447.39	551
4447.65	588
4447.91	525
4448.18	514
4448.44	519
4448.7	519
4448.97	491
4449.23	511
4449.49	487
4449.75	469
4450.02	483
4450.28	473
4450.54	463
4450.81	423
4451.07	447
4451.33	440
4451.59	449
4451.86	445
4452.12	431
4452.38	415
4452.65	421
4452.91	424
4453.17	405
4453.43	387
4453.7	384
4453.96	405
4454.22	393
4454.48	391
4454.75	359
4455.01	367
4455.27	364
4455.53	367
4455.8	375
4456.06	363
4456.32	364
4456.58	364
4456.85	371
4457.11	362
4457.37	349
4457.63	353
4457.9	326
4458.16	349
4458.42	347
4458.68	334
4458.94	329
4459.21	338
4459.47	351
4459.73	343
4459.99	321
4460.26	326
4460.52	346
4460.78	328
4461.04	333
4461.3	331
4461.57	317
4461.83	331
4462.09	335
4462.35	319
4462.61	321
4462.88	319
4463.14	327
4463.4	328
4463.66	321
4463.92	325
4464.19	303
4464.45	309
4464.71	323
4464.97	315
4465.23	311
4465.5	293
4465.76	320
4466.02	309
4466.28	302
4466.54	298
4466.8	316
4467.07	323
4467.33	303
4467.59	297
4467.85	281
4468.11	301
4468.37	311
4468.64	304
4468.9	308
4469.16	286
4469.42	275
4469.68	312
4469.94	297
4470.21	287
4470.47	287
4470.73	293
4470.99	299
4471.25	303
4471.51	285
4471.77	279
4472.04	289
4472.3	309
4472.56	312
4472.82	280
4473.08	275
4473.34	294
4473.6	275
4473.87	286
4474.13	271
4474.39	267
4474.65	289
4474.91	285
4475.17	290
4475.43	269
4475.69	287
4475.95	278
4476.22	282
4476.48	279
4476.74	273
4477	269
4477.26	265
4477.52	278
4477.78	282
4478.04	261
4478.3	277
4478.56	278
4478.83	263
4479.09	259
4479.35	277
4479.61	277
4479.87	272
4480.13	269
4480.39	279
4480.65	265
4480.91	273
4481.17	263
4481.43	281
4481.69	276
4481.95	269
4482.22	268
4482.48	269
4482.74	282
4483	251
4483.26	251
4483.52	257
4483.78	295
4484.04	272
4484.3	263
4484.56	265
4484.82	270
4485.08	270
4485.34	265
4485.6	269
4485.86	243
4486.12	261
4486.38	277
4486.64	258
4486.9	266
4487.17	253
4487.42	259
4487.68	268
4487.95	251
4488.21	271
4488.47	250
4488.73	255
4488.99	247
4489.25	253
4489.51	269
4489.77	245
4490.03	244
4490.29	258
4490.55	269
4490.81	260
4491.07	251
4491.33	248
4491.59	255
4491.85	278
4492.11	258
4492.37	256
4492.63	252
4492.89	256
4493.15	261
4493.41	262
4493.67	245
4493.93	251
4494.19	259
4494.45	252
4494.71	273
4494.97	239
4495.22	255
4495.48	243
4495.75	253
4496	256
4496.26	245
4496.52	260
4496.78	250
4497.04	249
4497.3	255
4497.56	249
4497.82	254
4498.08	241
4498.34	253
4498.6	245
4498.86	248
4499.12	237
4499.38	244
4499.64	243
4499.9	258
4500.16	248
4500.42	253
4500.68	260
4500.93	264
4501.19	253
4501.45	243
4501.71	251
4501.97	264
4502.23	273
4502.49	238
4502.75	239
4503.01	243
4503.27	255
4503.53	261
4503.79	265
4504.05	250
4504.31	255
4504.56	260
4504.82	255
4505.08	261
4505.34	255
4505.6	260
4505.86	253
4506.12	260
4506.38	277
4506.64	246
4506.9	256
4507.15	264
4507.41	272
4507.67	257
4507.93	248
4508.19	256
4508.45	259
4508.71	283
4508.97	271
4509.22	249
4509.48	249
4509.74	251
4510	267
4510.26	279
4510.52	245
4510.78	261
4511.04	257
4511.29	264
4511.55	253
4511.81	251
4512.07	242
4512.33	259
4512.59	273
4512.85	266
4513.1	251
4513.36	251
4513.62	257
4513.88	256
4514.14	263
4514.4	255
4514.65	249
4514.91	257
4515.17	253
4515.43	251
4515.69	257
4515.95	256
4516.2	248
4516.46	259
4516.72	257
4516.98	269
4517.24	250
4517.5	239
4517.75	237
4518.01	257
4518.27	260
4518.53	252
4518.79	246
4519.04	250
4519.3	254
4519.56	231
4519.82	241
4520.08	251
4520.33	250
4520.59	251
4520.85	237
4521.11	239
4521.37	245
4521.62	259
4521.88	243
4522.14	252
4522.4	245
4522.66	251
4522.91	257
4523.17	263
4523.43	256
4523.69	250
4523.94	253
4524.2	243
4524.46	251
4524.72	238
4524.98	245
4525.23	252
4525.49	249
4525.75	250
4526.01	241
4526.26	235
4526.52	242
4526.78	237
4527.04	255
4527.29	248
4527.55	245
4527.81	249
4528.07	237
4528.32	254
4528.58	236
4528.84	244
4529.1	232
4529.35	235
4529.61	251
4529.87	224
4530.13	226
4530.38	228
4530.64	245
4530.9	237
4531.15	223
4531.41	226
4531.67	234
4531.93	243
4532.18	250
4532.44	227
4532.7	245
4532.95	225
4533.21	234
4533.47	245
4533.73	249
4533.98	235
4534.24	237
