4261.75	541
4262.02	514
4262.3	495
4262.57	526
4262.85	511
4263.12	509
4263.4	497
4263.68	516
4263.95	541
4264.23	527
4264.5	532
4264.78	522
4265.05	511
4265.33	493
4265.6	529
4265.88	535
4266.16	537
4266.43	521
4266.71	517
4266.98	531
4267.26	518
4267.53	513
4267.81	535
4268.08	532
4268.36	558
4268.63	475
4268.91	529
4269.19	512
4269.46	547
4269.74	527
4270.01	501
4270.29	511
4270.56	531
4270.84	538
4271.11	537
4271.39	529
4271.66	511
4271.94	546
4272.21	545
4272.49	523
4272.76	506
4273.04	522
4273.31	547
4273.59	541
4273.86	520
4274.14	508
4274.41	553
4274.69	557
4274.96	544
4275.24	503
4275.51	517
4275.79	552
4276.06	535
4276.34	517
4276.61	523
4276.89	531
4277.16	525
4277.44	531
4277.71	525
4277.99	519
4278.26	519
4278.54	531
4278.81	541
4279.09	531
4279.36	524
4279.63	529
4279.91	556
4280.18	527
4280.46	509
4280.73	523
4281.01	535
4281.28	519
4281.56	523
4281.83	513
4282.11	517
4282.38	535
4282.65	548
4282.93	527
4283.2	500
4283.48	534
4283.75	553
4284.03	543
4284.3	503
4284.58	529
4284.85	566
4285.12	555
4285.4	544
4285.67	529
4285.95	534
4286.22	547
4286.49	542
4286.77	540
4287.04	533
4287.32	555
4287.59	534
4287.86	525
4288.14	539
4288.41	515
4288.69	549
4288.96	547
4289.23	534
4289.51	535
4289.78	544
4290.06	536
4290.33	565
4290.6	549
4290.88	540
4291.15	511
4291.43	539
4291.7	551
4291.97	552
4292.25	527
4292.52	549
4292.8	543
4293.07	563
4293.34	521
4293.62	525
4293.89	549
4294.16	564
4294.44	534
4294.71	543
4294.98	533
4295.26	569
4295.53	561
4295.81	549
4296.08	530
4296.35	549
4296.63	539
4296.9	562
4297.17	539
4297.45	537
4297.72	533
4297.99	550
4298.27	551
4298.54	561
4298.81	543
4299.09	537
4299.36	565
4299.63	562
4299.91	559
4300.18	545
4300.45	563
4300.73	564
4301	573
4301.27	549
4301.55	547
4301.82	575
4302.09	579
4302.36	546
4302.64	549
4302.91	562
4303.18	561
4303.46	565
4303.73	551
4304	527
4304.28	581
4304.55	580
4304.82	560
4305.09	561
4305.37	568
4305.64	563
4305.91	582
4306.19	562
4306.46	545
4306.73	567
4307	567
4307.28	579
4307.55	574
4307.82	560
4308.09	569
4308.37	591
4308.64	589
4308.91	581
4309.19	575
4309.46	590
4309.73	595
4310	583
4310.28	555
4310.55	585
4310.82	597
4311.09	614
4311.37	598
4311.64	558
4311.91	589
4312.18	581
4312.46	593
4312.73	579
4313	570
4313.27	577
4313.55	595
4313.82	577
4314.09	603
4314.36	585
4314.63	587
4314.91	605
4315.18	612
4315.45	599
4315.72	589
4316	605
4316.27	621
4316.54	609
4316.81	601
4317.08	602
4317.36	604
4317.63	623
4317.9	632
4318.17	616
4318.44	619
4318.72	610
4318.99	644
4319.26	609
4319.53	609
4319.8	599
4320.08	611
4320.35	641
4320.62	633
4320.89	610
4321.16	621
4321.43	633.5
4321.71	640
4321.98	630
4322.25	621
4322.52	663
4322.79	631
4323.06	645
4323.34	617
4323.61	629
4323.88	662
4324.15	652
4324.42	638
4324.69	652
4324.97	661
4325.24	666
4325.51	665
4325.78	659
4326.05	647
4326.32	651
4326.6	673
4326.87	669
4327.14	664
4327.41	643
4327.68	653
4327.95	677
4328.22	706
4328.49	660
4328.77	663
4329.04	679
4329.31	693
4329.58	707
4329.85	688
4330.12	693
4330.39	707
4330.66	719
4330.94	737
4331.21	683
4331.48	701
4331.75	715
4332.02	731
4332.29	704
4332.56	702
4332.83	720
4333.1	752
4333.37	753
4333.65	729
4333.92	739
4334.19	741
4334.46	753
4334.73	764
4335	759
4335.27	739
4335.54	745
4335.81	747
4336.08	771
4336.35	739
4336.62	752
4336.89	769
4337.17	786
4337.44	787
4337.71	779
4337.98	771
4338.25	800
4338.52	807
4338.79	781
4339.06	778
4339.33	798
4339.6	843
4339.87	827
4340.14	835
4340.41	805
4340.68	815
4340.95	859
4341.22	852
4341.5	829
4341.77	840
4342.04	866
4342.31	879
4342.58	857
4342.85	870
4343.12	893
4343.39	900
4343.66	912
4343.93	897
4344.2	913
4344.47	905
4344.74	919
4345.01	911
4345.28	953
4345.55	921
4345.82	953
4346.09	951
4346.36	958
4346.63	949
4346.9	952
4347.17	974
4347.44	989
4347.71	1027
4347.98	1030
4348.25	978
4348.52	1031
4348.79	1079
4349.06	1097
4349.33	1053
4349.6	1035
4349.87	1097
4350.14	1117
4350.41	1075
4350.68	1087
4350.95	1106
4351.22	1117
4351.49	1192
4351.76	1167
4352.03	1184
4352.3	1179
4352.57	1239
4352.83	1251
4353.1	1257
4353.37	1201
4353.64	1237
4353.91	1245
4354.18	1327
4354.45	1281
4354.72	1303
4354.99	1339
4355.26	1383
4355.53	1417
4355.8	1398
4356.07	1357
4356.34	1391
4356.61	1507
4356.88	1554
4357.15	1496
4357.42	1515
4357.69	1533
4357.95	1618
4358.22	1639
4358.49	1635
4358.76	1645
4359.03	1759
4359.3	1791
4359.57	1821
4359.84	1769
4360.11	1857
4360.38	1914
4360.65	1998
4360.92	1979
4361.18	2005
4361.45	2073
4361.72	2171
4361.99	2231
4362.26	2246
4362.53	2348
4362.8	2391
4363.07	2459
4363.34	2518
4363.6	2562
4363.87	2639
4364.14	2737
4364.41	2910
4364.68	2954
4364.95	3005
4365.22	3086
4365.49	3221
4365.76	3441
4366.02	3551
4366.29	3536
4366.56	3670
4366.83	3893
4367.1	4161
4367.37	4319
4367.64	4269
4367.9	4428
4368.17	4863
4368.44	5142
4368.71	5239
4368.98	5247
4369.25	5593
4369.52	6195
4369.78	6497
4370.05	6555
4370.32	6690
4370.59	7154
4370.86	7685
4371.13	8090
4371.39	8205
4371.66	8444
4371.93	9101
4372.2	9674
4372.47	10180
4372.74	10495
4373	10691
4373.27	11292
4373.54	12019
4373.81	12579
4374.08	12771
4374.35	12902
4374.61	13418
4374.88	14192
4375.15	14758
4375.42	14856
4375.69	14460
4375.95	14994
4376.22	15550
4376.49	15826
4376.76	15219
4377.03	14917
4377.29	15237
4377.56	15560
4377.83	15186
4378.1	14519
4378.37	14329
4378.63	14306
4378.9	14175
4379.17	13588
4379.44	12888
4379.7	12633
4379.97	12499
4380.24	12137
4380.51	11634
4380.78	11017
4381.04	10829
4381.31	10626
4381.58	10288
4381.85	9739
4382.11	9465
4382.38	9125
4382.65	8913
4382.92	8813
4383.18	8426
4383.45	8036
4383.72	7983
4383.99	7796
4384.25	7599
4384.52	7265
4384.79	7018
4385.06	6922
4385.32	6933
4385.59	6745
4385.86	6479
4386.13	6253
4386.39	6309
4386.66	6401
4386.93	6231
4387.19	5923
4387.46	5870
4387.73	6080
4388	6107
4388.26	5707
4388.53	5611
4388.8	5743
4389.06	5856
4389.33	5887
4389.6	5695
4389.87	5613
4390.13	5692
4390.4	5825
4390.67	5898
4390.94	5819
4391.2	5759
4391.47	5829
4391.73	5962
4392	6097
4392.27	6067
4392.54	5947
4392.8	6087
4393.07	6331
4393.34	6511
4393.6	6531
4393.87	6309
4394.14	6536
4394.4	6912
4394.67	7070
4394.94	6954
4395.2	6977
4395.47	7249
4395.74	7768
4396	7913
4396.27	7909
4396.54	7999
4396.8	8402
4397.07	8944
4397.34	9071
4397.6	9053
4397.87	9356
4398.14	9860
4398.4	10365
4398.67	10568
4398.94	10764
4399.2	11195
4399.47	11809
4399.73	12262
4400	12525
4400.27	12864
4400.53	13317
4400.8	14043
4401.07	14713
4401.33	15101
4401.6	15496
4401.87	15946
4402.13	16693
4402.4	17286
4402.66	17821
4402.93	18032
4403.2	18579
4403.46	19500
4403.73	20169
4403.99	20147
4404.26	20169
4404.53	20913
4404.79	22031
4405.06	22242
4405.33	21772
4405.59	21579
4405.86	22394
4406.12	23062
4406.39	22862
4406.66	22177
4406.92	21932
4407.19	22425
4407.45	22786
4407.72	22166
4407.98	21054
4408.25	20789
4408.52	21088
4408.78	20971
4409.05	20226
4409.31	19303
4409.58	18619
4409.84	18567
4410.11	18359
4410.38	17774
4410.64	16861
4410.91	16102
4411.17	16167
4411.44	15963
4411.7	15390
4411.97	14215
4412.24	13646
4412.5	13531
4412.77	13383
4413.03	12847
4413.3	12043
4413.56	11504
4413.83	11399
4414.09	11496
4414.36	10821
4414.62	10088
4414.89	9743
4415.15	9798
4415.42	9613
4415.69	9053
4415.95	8503
4416.22	8299
4416.48	8275
4416.75	8118
4417.01	7675
4417.28	7319
4417.54	7075
4417.81	7038
4418.07	6846
4418.34	6514
4418.6	6236
4418.87	6092
4419.13	6037
4419.4	5851
4419.66	5651
4419.93	5445
4420.19	5253
4420.46	5240
4420.72	5130
4420.99	4893
4421.25	4719
4421.52	4624
4421.78	4573
4422.05	4480
4422.31	4299
4422.58	4083
4422.84	4023
4423.11	4118
4423.37	3981
4423.63	3787
4423.9	3659
4424.17	3715
4424.43	3681
4424.69	3537
4424.96	3371
4425.22	3295
4425.49	3340
4425.75	3312
4426.02	3195
4426.28	3030
4426.55	2989
4426.81	3057
4427.08	3073
4427.34	2833
4427.6	2721
4427.87	2718
4428.13	2797
4428.4	2758
4428.66	2607
4428.93	2593
4429.19	2565
4429.46	2574
4429.72	2562
4429.98	2501
4430.25	2399
4430.51	2355
4430.78	2387
4431.04	2392
4431.3	2293
4431.57	2225
4431.83	2188
4432.1	2245
4432.36	2301
4432.63	2167
4432.89	2043
4433.15	2057
4433.42	2151
4433.68	2117
4433.95	1982
4434.21	1969
4434.47	1929
4434.74	1994
4435	1931
4435.27	1879
4435.53	1813
4435.79	1849
4436.06	1855
4436.32	1832
4436.58	1756
4436.85	1747
4437.11	1708
4437.38	1743
4437.64	1683
4437.9	1708
4438.17	1654
4438.43	1662
4438.7	1647
4438.96	1617
4439.22	1621
4439.49	1572
4439.75	1552
4440.01	1580
4440.28	1547
4440.54	1503
4440.8	1500
4441.07	1501
4441.33	1475
4441.6	1471
4441.86	1414
4442.12	1414
4442.38	1447
4442.65	1429
4442.91	1423
4443.18	1369
4443.44	1359
4443.7	1365
4443.97	1402
4444.23	1344
4444.49	1303
4444.75	1305
4445.02	1335
4445.28	1321
4445.54	1274
4445.81	1291
4446.07	1265
4446.33	1267
4446.6	1278
4446.86	1264
4447.12	1235
4447.39	1253
4447.65	1247
4447.91	1251
4448.18	1234
4448.44	1210
4448.7	1188
4448.97	1181
4449.23	1245
4449.49	1237
4449.75	1177
4450.02	1149
4450.28	1177
4450.54	1189
4450.81	1163
4451.07	1105
4451.33	1088
4451.59	1133
4451.86	1157
4452.12	1102
4452.38	1065
4452.65	1085
4452.91	1130
4453.17	1105
4453.43	1077
4453.7	1021
4453.96	1066
4454.22	1098
4454.48	1069
4454.75	1038
4455.01	1057
4455.27	1041
4455.53	1056
4455.8	1037
4456.06	997
4456.32	1001
4456.58	991
4456.85	993
4457.11	1012
4457.37	1004
4457.63	963
4457.9	975
4458.16	985
4458.42	961
4458.68	979
4458.94	974
4459.21	950
4459.47	935
4459.73	979
4459.99	970
4460.26	933
4460.52	937
4460.78	971
4461.04	966
4461.3	916
4461.57	935
4461.83	941
4462.09	946
4462.35	945
4462.61	933
4462.88	938
4463.14	943
4463.4	972
4463.66	941
4463.92	904
4464.19	909
4464.45	947
4464.71	943
4464.97	930
4465.23	884
4465.5	913
4465.76	945
4466.02	911
4466.28	928
4466.54	893
4466.8	871
4467.07	908
4467.33	914
4467.59	906
4467.85	893
4468.11	883
4468.37	897
4468.64	903
4468.9	899
4469.16	881
4469.42	870
4469.68	899
4469.94	899
4470.21	939
4470.47	858
4470.73	874
4470.99	872
4471.25	907
4471.51	899
4471.77	845
4472.04	845
4472.3	908
4472.56	921
4472.82	897
4473.08	881
4473.34	871
4473.6	920
4473.87	930
4474.13	899
4474.39	917
4474.65	902
4474.91	917
4475.17	919
4475.43	915
4475.69	911
4475.95	877
4476.22	917
4476.48	933
4476.74	940
4477	946
4477.26	916
4477.52	884
4477.78	924
4478.04	937
4478.3	913
4478.56	886
4478.83	917
4479.09	949
4479.35	907
4479.61	896
4479.87	890
4480.13	939
4480.39	915
4480.65	942
4480.91	881
4481.17	891
4481.43	902
4481.69	927
4481.95	872
4482.22	848
4482.48	883
4482.74	898
4483	875
4483.26	893
4483.52	867
4483.78	878
4484.04	880
4484.3	877
4484.56	885
4484.82	807
4485.08	823
4485.34	858
4485.6	841
4485.86	874
4486.12	787
4486.38	810
4486.64	845
4486.9	838
4487.17	847
4487.42	817
4487.68	834
4487.95	795
4488.21	850
4488.47	840
4488.73	798
4488.99	800
4489.25	843
4489.51	842
4489.77	822
4490.03	791
4490.29	799
4490.55	823
4490.81	823
4491.07	831
4491.33	797
4491.59	791
4491.85	835
4492.11	813
4492.37	808
4492.63	791
4492.89	801
4493.15	819
4493.41	811
4493.67	803
4493.93	808
4494.19	793
4494.45	787
4494.71	797
4494.97	808
4495.22	813
4495.48	769
4495.75	785
4496	787
4496.26	785
4496.52	792
4496.78	759
4497.04	788
4497.3	766
4497.56	763
4497.82	757
4498.08	749
4498.34	763
4498.6	779
4498.86	764
4499.12	738
4499.38	750
4499.64	758
4499.9	771
4500.16	739
4500.42	729
4500.68	719
4500.93	759
4501.19	735
4501.45	735
4501.71	707
4501.97	702
4502.23	747
4502.49	725
4502.75	730
4503.01	655
4503.27	717
4503.53	721
4503.79	697
4504.05	699
4504.31	688
4504.56	679
4504.82	683
4505.08	675
4505.34	727
4505.6	681
4505.86	663
4506.12	698
4506.38	719
4506.64	699
4506.9	671
4507.15	646
4507.41	680
4507.67	680
4507.93	672
4508.19	677
4508.45	665
4508.71	685
4508.97	676
4509.22	691
4509.48	666
4509.74	647
4510	687
4510.26	708
4510.52	691
4510.78	673
4511.04	660
4511.29	693
4511.55	723
4511.81	707
4512.07	677
4512.33	698
4512.59	714
4512.85	687
4513.1	703
4513.36	733
4513.62	705
4513.88	701
4514.14	747
4514.4	736
4514.65	741
4514.91	740
4515.17	723
4515.43	755
4515.69	795
4515.95	761
4516.2	727
4516.46	761
4516.72	787
4516.98	795
4517.24	768
4517.5	772
4517.75	780
4518.01	831
4518.27	795
4518.53	790
4518.79	785
4519.04	793
4519.3	842
4519.56	800
4519.82	776
4520.08	799
4520.33	793
4520.59	791
4520.85	785
4521.11	739
4521.37	787
4521.62	791
4521.88	789
4522.14	777
4522.4	747
4522.66	731
4522.91	756
4523.17	765
4523.43	773
4523.69	731
4523.94	724
4524.2	735
4524.46	746
4524.72	721
4524.98	729
4525.23	714
4525.49	713
4525.75	721
4526.01	737
4526.26	723
4526.52	643
4526.78	681
4527.04	706
4527.29	711
4527.55	696
4527.81	663
4528.07	693
4528.32	705
4528.58	701
4528.84	697
4529.1	653
4529.35	647
4529.61	693
4529.87	696
4530.13	671
4530.38	662
4530.64	649
4530.9	675
4531.15	673
4531.41	666
4531.67	661
4531.93	642
4532.18	653
4532.44	645
4532.7	634
4532.95	636
4533.21	628
4533.47	637
4533.73	626
4533.98	655
4534.24	635
